radius 10.00000141421356 square_size 0.000001
10 10
0.000000000000 0.000000000000  0.000000111111 0.000000000000  0.000000222222 0.000000000000  0.000000333333 0.000000000000  0.000000444444 0.000000000000  0.000000555556 0.000000000000  0.000000666667 0.000000000000  0.000000777778 0.000000000000  0.000000888889 0.000000000000  0.000001000000 0.000000000000
0.000000000000 0.000000111111  0.000000111111 0.000000111111  0.000000222222 0.000000111111  0.000000333333 0.000000111111  0.000000444444 0.000000111111  0.000000555556 0.000000111111  0.000000666667 0.000000111111  0.000000777778 0.000000111111  0.000000888889 0.000000111111  0.000001000000 0.000000111111
0.000000000000 0.000000222222  0.000000111111 0.000000222222  0.000000222222 0.000000222222  0.000000333333 0.000000222222  0.000000444444 0.000000222222  0.000000555556 0.000000222222  0.000000666667 0.000000222222  0.000000777778 0.000000222222  0.000000888889 0.000000222222  0.000001000000 0.000000222222
0.000000000000 0.000000333333  0.000000111111 0.000000333333  0.000000222222 0.000000333333  0.000000333333 0.000000333333  0.000000444444 0.000000333333  0.000000555556 0.000000333333  0.000000666667 0.000000333333  0.000000777778 0.000000333333  0.000000888889 0.000000333333  0.000001000000 0.000000333333
0.000000000000 0.000000444444  0.000000111111 0.000000444444  0.000000222222 0.000000444444  0.000000333333 0.000000444444  0.000000444444 0.000000444444  0.000000555556 0.000000444444  0.000000666667 0.000000444444  0.000000777778 0.000000444444  0.000000888889 0.000000444444  0.000001000000 0.000000444444
0.000000000000 0.000000555556  0.000000111111 0.000000555556  0.000000222222 0.000000555556  0.000000333333 0.000000555556  0.000000444444 0.000000555556  0.000000555556 0.000000555556  0.000000666667 0.000000555556  0.000000777778 0.000000555556  0.000000888889 0.000000555556  0.000001000000 0.000000555556
0.000000000000 0.000000666667  0.000000111111 0.000000666667  0.000000222222 0.000000666667  0.000000333333 0.000000666667  0.000000444444 0.000000666667  0.000000555556 0.000000666667  0.000000666667 0.000000666667  0.000000777778 0.000000666667  0.000000888889 0.000000666667  0.000001000000 0.000000666667
0.000000000000 0.000000777778  0.000000111111 0.000000777778  0.000000222222 0.000000777778  0.000000333333 0.000000777778  0.000000444444 0.000000777778  0.000000555556 0.000000777778  0.000000666667 0.000000777778  0.000000777778 0.000000777778  0.000000888889 0.000000777778  0.000001000000 0.000000777778
0.000000000000 0.000000888889  0.000000111111 0.000000888889  0.000000222222 0.000000888889  0.000000333333 0.000000888889  0.000000444444 0.000000888889  0.000000555556 0.000000888889  0.000000666667 0.000000888889  0.000000777778 0.000000888889  0.000000888889 0.000000888889  0.000001000000 0.000000888889
0.000000000000 0.000001000000  0.000000111111 0.000001000000  0.000000222222 0.000001000000  0.000000333333 0.000001000000  0.000000444444 0.000001000000  0.000000555556 0.000001000000  0.000000666667 0.000001000000  0.000000777778 0.000001000000  0.000000888889 0.000001000000  0.000001000000 0.000001000000
1
1 1 9 1 9