radius 10.500001 square_size 10
7 7
0.000000 0.000000  1.666667 0.000000  3.333333 0.000000  5.000000 0.000000  6.666667 0.000000  8.333333 0.000000  10.000000 0.000000
0.000000 1.666667  1.666667 1.666667  3.333333 1.666667  5.000000 1.666667  6.666667 1.666667  8.333333 1.666667  10.000000 1.666667
0.000000 3.333333  1.666667 3.333333  3.333333 3.333333  5.000000 3.333333  6.666667 3.333333  8.333333 3.333333  10.000000 3.333333
0.000000 5.000000  1.666667 5.000000  3.333333 5.000000  5.000000 5.000000  6.666667 5.000000  8.333333 5.000000  10.000000 5.000000
0.000000 6.666667  1.666667 6.666667  3.333333 6.666667  5.000000 6.666667  6.666667 6.666667  8.333333 6.666667  10.000000 6.666667
0.000000 8.333333  1.666667 8.333333  3.333333 8.333333  5.000000 8.333333  6.666667 8.333333  8.333333 8.333333  10.000000 8.333333
0.000000 10.000000 1.666667 10.000000 3.333333 10.000000 5.000000 10.000000 6.666667 10.000000 8.333333 10.000000 10.000000 10.000000
1
1 1 6 1 6