# Полная сетка квадранта окружности
# Узлов: 48, Элементов: 40

NODES
48
0 0.300000 0.000000
1 0.377407 0.000000
2 0.478036 0.000000
3 0.608854 0.000000
4 0.778918 0.000000
5 1.000000 0.000000
6 0.300000 0.075000
7 0.375282 0.088280
8 0.473149 0.105543
9 0.600376 0.127986
10 0.765772 0.157162
11 0.980785 0.195090
12 0.300000 0.150000
13 0.368990 0.175730
14 0.458676 0.209180
15 0.575268 0.252665
16 0.726838 0.309195
17 0.923880 0.382683
18 0.300000 0.225000
19 0.358771 0.261555
20 0.435173 0.309076
21 0.534495 0.370854
22 0.663615 0.451166
23 0.831470 0.555570
24 0.300000 0.300000
25 0.345018 0.345018
26 0.403543 0.403543
27 0.479624 0.479624
28 0.578529 0.578529
29 0.707107 0.707107
30 0.075000 0.300000
31 0.088280 0.375282
32 0.105543 0.473149
33 0.127986 0.600376
34 0.157162 0.765772
35 0.195090 0.980785
36 0.150000 0.300000
37 0.175730 0.368990
38 0.209180 0.458676
39 0.252665 0.575268
40 0.309195 0.726838
41 0.382683 0.923880
42 0.225000 0.300000
43 0.261555 0.358771
44 0.309076 0.435173
45 0.370854 0.534495
46 0.451166 0.663615
47 0.555570 0.831470

ELEMENTS
40
0 0 6 7 1 1
1 1 7 8 2 1
2 2 8 9 3 1
3 3 9 10 4 1
4 4 10 11 5 1
5 6 12 13 7 1
6 7 13 14 8 1
7 8 14 15 9 1
8 9 15 16 10 1
9 10 16 17 11 1
10 12 18 19 13 1
11 13 19 20 14 1
12 14 20 21 15 1
13 15 21 22 16 1
14 16 22 23 17 1
15 18 24 25 19 1
16 19 25 26 20 1
17 20 26 27 21 1
18 21 27 28 22 1
19 22 28 29 23 1
20 24 30 31 25 1
21 25 31 32 26 1
22 26 32 33 27 1
23 27 33 34 28 1
24 28 34 35 29 1
25 30 36 37 31 1
26 31 37 38 32 1
27 32 38 39 33 1
28 33 39 40 34 1
29 34 40 41 35 1
30 36 42 43 37 1
31 37 43 44 38 1
32 38 44 45 39 1
33 39 45 46 40 1
34 40 46 47 41 1
35 42 24 25 43 1
36 43 25 26 44 1
37 44 26 27 45 1
38 45 27 28 46 1
39 46 28 29 47 1
