radius 1.0 square_size 0.4
17 17
0.000 0.000  0.025 0.000  0.050 0.000  0.075 0.000  0.100 0.000  0.125 0.000  0.150 0.000  0.175 0.000  0.200 0.000  0.225 0.000  0.250 0.000  0.275 0.000  0.300 0.000  0.325 0.000  0.350 0.000  0.375 0.000  0.400 0.000
0.000 0.025  0.025 0.025  0.050 0.025  0.075 0.025  0.100 0.025  0.125 0.025  0.150 0.025  0.175 0.025  0.200 0.025  0.225 0.025  0.250 0.025  0.275 0.025  0.300 0.025  0.325 0.025  0.350 0.025  0.375 0.025  0.400 0.025
0.000 0.050  0.025 0.050  0.050 0.050  0.075 0.050  0.100 0.050  0.125 0.050  0.150 0.050  0.175 0.050  0.200 0.050  0.225 0.050  0.250 0.050  0.275 0.050  0.300 0.050  0.325 0.050  0.350 0.050  0.375 0.050  0.400 0.050
0.000 0.075  0.025 0.075  0.050 0.075  0.075 0.075  0.100 0.075  0.125 0.075  0.150 0.075  0.175 0.075  0.200 0.075  0.225 0.075  0.250 0.075  0.275 0.075  0.300 0.075  0.325 0.075  0.350 0.075  0.375 0.075  0.400 0.075
0.000 0.100  0.025 0.100  0.050 0.100  0.075 0.100  0.100 0.100  0.125 0.100  0.150 0.100  0.175 0.100  0.200 0.100  0.225 0.100  0.250 0.100  0.275 0.100  0.300 0.100  0.325 0.100  0.350 0.100  0.375 0.100  0.400 0.100
0.000 0.125  0.025 0.125  0.050 0.125  0.075 0.125  0.100 0.125  0.125 0.125  0.150 0.125  0.175 0.125  0.200 0.125  0.225 0.125  0.250 0.125  0.275 0.125  0.300 0.125  0.325 0.125  0.350 0.125  0.375 0.125  0.400 0.125
0.000 0.150  0.025 0.150  0.050 0.150  0.075 0.150  0.100 0.150  0.125 0.150  0.150 0.150  0.175 0.150  0.200 0.150  0.225 0.150  0.250 0.150  0.275 0.150  0.300 0.150  0.325 0.150  0.350 0.150  0.375 0.150  0.400 0.150
0.000 0.175  0.025 0.175  0.050 0.175  0.075 0.175  0.100 0.175  0.125 0.175  0.150 0.175  0.175 0.175  0.200 0.175  0.225 0.175  0.250 0.175  0.275 0.175  0.300 0.175  0.325 0.175  0.350 0.175  0.375 0.175  0.400 0.175
0.000 0.200  0.025 0.200  0.050 0.200  0.075 0.200  0.100 0.200  0.125 0.200  0.150 0.200  0.175 0.200  0.200 0.200  0.225 0.200  0.250 0.200  0.275 0.200  0.300 0.200  0.325 0.200  0.350 0.200  0.375 0.200  0.400 0.200
0.000 0.225  0.025 0.225  0.050 0.225  0.075 0.225  0.100 0.225  0.125 0.225  0.150 0.225  0.175 0.225  0.200 0.225  0.225 0.225  0.250 0.225  0.275 0.225  0.300 0.225  0.325 0.225  0.350 0.225  0.375 0.225  0.400 0.225
0.000 0.250  0.025 0.250  0.050 0.250  0.075 0.250  0.100 0.250  0.125 0.250  0.150 0.250  0.175 0.250  0.200 0.250  0.225 0.250  0.250 0.250  0.275 0.250  0.300 0.250  0.325 0.250  0.350 0.250  0.375 0.250  0.400 0.250
0.000 0.275  0.025 0.275  0.050 0.275  0.075 0.275  0.100 0.275  0.125 0.275  0.150 0.275  0.175 0.275  0.200 0.275  0.225 0.275  0.250 0.275  0.275 0.275  0.300 0.275  0.325 0.275  0.350 0.275  0.375 0.275  0.400 0.275
0.000 0.300  0.025 0.300  0.050 0.300  0.075 0.300  0.100 0.300  0.125 0.300  0.150 0.300  0.175 0.300  0.200 0.300  0.225 0.300  0.250 0.300  0.275 0.300  0.300 0.300  0.325 0.300  0.350 0.300  0.375 0.300  0.400 0.300
0.000 0.325  0.025 0.325  0.050 0.325  0.075 0.325  0.100 0.325  0.125 0.325  0.150 0.325  0.175 0.325  0.200 0.325  0.225 0.325  0.250 0.325  0.275 0.325  0.300 0.325  0.325 0.325  0.350 0.325  0.375 0.325  0.400 0.325
0.000 0.350  0.025 0.350  0.050 0.350  0.075 0.350  0.100 0.350  0.125 0.350  0.150 0.350  0.175 0.350  0.200 0.350  0.225 0.350  0.250 0.350  0.275 0.350  0.300 0.350  0.325 0.350  0.350 0.350  0.375 0.350  0.400 0.350
0.000 0.375  0.025 0.375  0.050 0.375  0.075 0.375  0.100 0.375  0.125 0.375  0.150 0.375  0.175 0.375  0.200 0.375  0.225 0.375  0.250 0.375  0.275 0.375  0.300 0.375  0.325 0.375  0.350 0.375  0.375 0.375  0.400 0.375
0.000 0.400  0.025 0.400  0.050 0.400  0.075 0.400  0.100 0.400  0.125 0.400  0.150 0.400  0.175 0.400  0.200 0.400  0.225 0.400  0.250 0.400  0.275 0.400  0.300 0.400  0.325 0.400  0.350 0.400  0.375 0.400  0.400 0.400
1
1 1 16 1 16