# Конечноэлементная сетка квадранта окружности
# Радиус: 1.0, Размер квадрата: 0.7
# Узлов: 37, Элементов: 19

NODES
37
0 0.000000 0.000000
1 0.233000 0.000000
2 0.467000 0.000000
3 0.700000 0.000000
4 0.000000 0.233000
5 0.233000 0.233000
6 0.467000 0.233000
7 0.700000 0.233000
8 0.000000 0.467000
9 0.233000 0.467000
10 0.467000 0.467000
11 0.700000 0.467000
12 0.000000 0.700000
13 0.233000 0.700000
14 0.467000 0.700000
15 0.700000 0.700000
16 0.800000 0.000000
17 0.900000 0.000000
18 1.000000 0.000000
19 0.788642 0.241606
20 0.877284 0.250213
21 0.965926 0.258819
22 0.755342 0.478000
23 0.810684 0.489000
24 0.866025 0.500000
25 0.702369 0.702369
26 0.704738 0.704738
27 0.707107 0.707107
28 0.391036 0.702369
29 0.549071 0.704738
30 0.707107 0.707107
31 0.478000 0.755342
32 0.489000 0.810684
33 0.500000 0.866025
34 0.552940 0.788642
35 0.405879 0.877284
36 0.258819 0.965926

ELEMENTS
19
0 0 1 5 4 1
1 1 2 6 5 1
2 2 3 7 6 1
3 4 5 9 8 1
4 5 6 10 9 1
5 6 7 11 10 1
6 8 9 13 12 1
7 9 10 14 13 1
8 10 11 15 14 1
9 16 17 20 19 1
10 17 18 21 20 1
11 19 20 23 22 1
12 20 21 24 23 1
13 22 23 26 25 1
14 23 24 27 26 1
15 28 29 32 31 1
16 29 30 33 32 1
17 31 32 35 34 1
18 32 33 36 35 1
