NODES
166
0 0.000000 0.000000
1 1.666667 0.000000
2 3.333333 0.000000
3 5.000000 0.000000
4 6.666667 0.000000
5 8.333333 0.000000
6 10.000000 0.000000
7 0.000000 1.666667
8 1.666667 1.666667
9 3.333333 1.666667
10 5.000000 1.666667
11 6.666667 1.666667
12 8.333333 1.666667
13 10.000000 1.666667
14 0.000000 3.333333
15 1.666667 3.333333
16 3.333333 3.333333
17 5.000000 3.333333
18 6.666667 3.333333
19 8.333333 3.333333
20 10.000000 3.333333
21 0.000000 5.000000
22 1.666667 5.000000
23 3.333333 5.000000
24 5.000000 5.000000
25 6.666667 5.000000
26 8.333333 5.000000
27 10.000000 5.000000
28 0.000000 6.666667
29 1.666667 6.666667
30 3.333333 6.666667
31 5.000000 6.666667
32 6.666667 6.666667
33 8.333333 6.666667
34 10.000000 6.666667
35 0.000000 8.333333
36 1.666667 8.333333
37 3.333333 8.333333
38 5.000000 8.333333
39 6.666667 8.333333
40 8.333333 8.333333
41 10.000000 8.333333
42 0.000000 10.000000
43 1.666667 10.000000
44 3.333333 10.000000
45 5.000000 10.000000
46 6.666667 10.000000
47 8.333333 10.000000
48 10.000000 10.000000
49 10.036820 0.000000
50 10.030205 1.644859
51 10.010473 3.287990
52 9.977962 4.927698
53 9.933228 6.562343
54 9.877036 8.190372
55 9.810348 9.810348
56 10.077323 0.000000
57 10.063431 1.620870
58 10.021994 3.238113
59 9.953720 4.848166
60 9.859778 6.447586
61 9.741775 8.033115
62 9.601730 9.601730
63 10.121875 0.000000
64 10.099980 1.594482
65 10.034667 3.183248
66 9.927054 4.760680
67 9.778984 6.321354
68 9.592989 7.860132
69 9.372251 9.372251
70 10.170883 0.000000
71 10.140183 1.565456
72 10.048607 3.122897
73 9.897722 4.664446
74 9.690110 6.182499
75 9.429323 7.669850
76 9.119824 9.119824
77 10.224792 0.000000
78 10.184406 1.533527
79 10.063941 3.056510
80 9.865456 4.558589
81 9.592349 6.029758
82 9.249292 7.460541
83 8.842154 8.842154
84 10.284091 0.000000
85 10.233052 1.498405
86 10.080808 2.983485
87 9.829964 4.442146
88 9.484811 5.861743
89 9.051257 7.230301
90 8.536717 8.536717
91 10.349321 0.000000
92 10.286563 1.459771
93 10.099362 2.903157
94 9.790922 4.314058
95 9.366520 5.676927
96 8.833418 6.977036
97 8.200737 8.200737
98 10.421073 0.000000
99 10.345424 1.417273
100 10.119772 2.814797
101 9.747976 4.173162
102 9.236400 5.473629
103 8.593796 6.698445
104 7.831158 7.831158
105 0.000000 10.036820
106 1.644859 10.030205
107 3.287990 10.010473
108 4.927698 9.977962
109 6.562343 9.933228
110 8.190372 9.877036
111 0.000000 10.077323
112 1.620870 10.063431
113 3.238113 10.021994
114 4.848166 9.953720
115 6.447586 9.859778
116 8.033115 9.741775
117 0.000000 10.121875
118 1.594482 10.099980
119 3.183248 10.034667
120 4.760680 9.927054
121 6.321354 9.778984
122 7.860132 9.592989
123 0.000000 10.170883
124 1.565456 10.140183
125 3.122897 10.048607
126 4.664446 9.897722
127 6.182499 9.690110
128 7.669850 9.429323
129 0.000000 10.224792
130 1.533527 10.184406
131 3.056510 10.063941
132 4.558589 9.865456
133 6.029758 9.592349
134 7.460541 9.249292
135 0.000000 10.284091
136 1.498405 10.233052
137 2.983485 10.080808
138 4.442146 9.829964
139 5.861743 9.484811
140 7.230301 9.051257
141 0.000000 10.349321
142 1.459771 10.286563
143 2.903157 10.099362
144 4.314058 9.790922
145 5.676927 9.366520
146 6.977036 8.833418
147 0.000000 10.421073
148 1.417273 10.345424
149 2.814797 10.119772
150 4.173162 9.747976
151 5.473629 9.236400
152 6.698445 8.593796
153 10.500001 0.000000
154 10.410172 1.370525
155 10.142222 2.717600
156 9.700736 4.018176
157 9.093267 5.250001
158 8.330211 6.391995
159 7.424622 7.424622
160 0.000000 10.500001
161 1.370525 10.410172
162 2.717600 10.142222
163 4.018176 9.700736
164 5.250001 9.093267
165 6.391995 8.330211

ELEMENTS
144
0 0 1 8 7 1
1 1 2 9 8 1
2 2 3 10 9 1
3 3 4 11 10 1
4 4 5 12 11 1
5 5 6 13 12 1
6 7 8 15 14 1
7 8 9 16 15 1
8 9 10 17 16 1
9 10 11 18 17 1
10 11 12 19 18 1
11 12 13 20 19 1
12 14 15 22 21 1
13 15 16 23 22 1
14 16 17 24 23 1
15 17 18 25 24 1
16 18 19 26 25 1
17 19 20 27 26 1
18 21 22 29 28 1
19 22 23 30 29 1
20 23 24 31 30 1
21 24 25 32 31 1
22 25 26 33 32 1
23 26 27 34 33 1
24 28 29 36 35 1
25 29 30 37 36 1
26 30 31 38 37 1
27 31 32 39 38 1
28 32 33 40 39 1
29 33 34 41 40 1
30 35 36 43 42 1
31 36 37 44 43 1
32 37 38 45 44 1
33 38 39 46 45 1
34 39 40 47 46 1
35 40 41 48 47 1
36 6 13 50 49 2
37 13 20 51 50 2
38 20 27 52 51 2
39 27 34 53 52 2
40 34 41 54 53 2
41 41 48 55 54 2
42 49 50 57 56 2
43 50 51 58 57 2
44 51 52 59 58 2
45 52 53 60 59 2
46 53 54 61 60 2
47 54 55 62 61 2
48 56 57 64 63 2
49 57 58 65 64 2
50 58 59 66 65 2
51 59 60 67 66 2
52 60 61 68 67 2
53 61 62 69 68 2
54 63 64 71 70 2
55 64 65 72 71 2
56 65 66 73 72 2
57 66 67 74 73 2
58 67 68 75 74 2
59 68 69 76 75 2
60 70 71 78 77 2
61 71 72 79 78 2
62 72 73 80 79 2
63 73 74 81 80 2
64 74 75 82 81 2
65 75 76 83 82 2
66 77 78 85 84 2
67 78 79 86 85 2
68 79 80 87 86 2
69 80 81 88 87 2
70 81 82 89 88 2
71 82 83 90 89 2
72 84 85 92 91 2
73 85 86 93 92 2
74 86 87 94 93 2
75 87 88 95 94 2
76 88 89 96 95 2
77 89 90 97 96 2
78 91 92 99 98 2
79 92 93 100 99 2
80 93 94 101 100 2
81 94 95 102 101 2
82 95 96 103 102 2
83 96 97 104 103 2
84 98 99 154 153 2
85 99 100 155 154 2
86 100 101 156 155 2
87 101 102 157 156 2
88 102 103 158 157 2
89 103 104 159 158 2
90 42 43 106 105 2
91 43 44 107 106 2
92 44 45 108 107 2
93 45 46 109 108 2
94 46 47 110 109 2
95 47 48 55 110 2
96 105 106 112 111 2
97 106 107 113 112 2
98 107 108 114 113 2
99 108 109 115 114 2
100 109 110 116 115 2
101 110 55 62 116 2
102 111 112 118 117 2
103 112 113 119 118 2
104 113 114 120 119 2
105 114 115 121 120 2
106 115 116 122 121 2
107 116 62 69 122 2
108 117 118 124 123 2
109 118 119 125 124 2
110 119 120 126 125 2
111 120 121 127 126 2
112 121 122 128 127 2
113 122 69 76 128 2
114 123 124 130 129 2
115 124 125 131 130 2
116 125 126 132 131 2
117 126 127 133 132 2
118 127 128 134 133 2
119 128 76 83 134 2
120 129 130 136 135 2
121 130 131 137 136 2
122 131 132 138 137 2
123 132 133 139 138 2
124 133 134 140 139 2
125 134 83 90 140 2
126 135 136 142 141 2
127 136 137 143 142 2
128 137 138 144 143 2
129 138 139 145 144 2
130 139 140 146 145 2
131 140 90 97 146 2
132 141 142 148 147 2
133 142 143 149 148 2
134 143 144 150 149 2
135 144 145 151 150 2
136 145 146 152 151 2
137 146 97 104 152 2
138 147 148 161 160 2
139 148 149 162 161 2
140 149 150 163 162 2
141 150 151 164 163 2
142 151 152 165 164 2
143 152 104 159 165 2
