NODES
34
0 0.000000 0.000000
1 0.075000 0.000000
2 0.150000 0.000000
3 0.225000 0.000000
4 0.300000 0.000000
5 0.000000 0.075000
6 0.075000 0.075000
7 0.150000 0.075000
8 0.225000 0.075000
9 0.300000 0.075000
10 0.000000 0.150000
11 0.075000 0.150000
12 0.150000 0.150000
13 0.225000 0.150000
14 0.300000 0.150000
15 0.000000 0.225000
16 0.075000 0.225000
17 0.150000 0.225000
18 0.225000 0.225000
19 0.300000 0.225000
20 0.000000 0.300000
21 0.075000 0.300000
22 0.150000 0.300000
23 0.225000 0.300000
24 0.300000 0.300000
25 1.000000 0.000000
26 0.980785 0.195090
27 0.923880 0.382683
28 0.831470 0.555570
29 0.707107 0.707107
30 0.555570 0.831470
31 0.382683 0.923880
32 0.195090 0.980785
33 0.000000 1.000000

ELEMENTS
16
0 0 1 6 5 1
1 1 2 7 6 1
2 2 3 8 7 1
3 3 4 9 8 1
4 5 6 11 10 1
5 6 7 12 11 1
6 7 8 13 12 1
7 8 9 14 13 1
8 10 11 16 15 1
9 11 12 17 16 1
10 12 13 18 17 1
11 13 14 19 18 1
12 15 16 21 20 1
13 16 17 22 21 1
14 17 18 23 22 1
15 18 19 24 23 1
