  0 :   0   1 : [0]
  1 :   1   9 : [0, 1]
  2 :   8   9 : [0, 7]
  3 :   0   8 : [0]
  4 :   1   2 : [1]
  5 :   2  10 : [1, 2]
  6 :   9  10 : [1, 8]
  7 :   2   3 : [2]
  8 :   3  11 : [2, 3]
  9 :  10  11 : [2, 9]
 10 :   3   4 : [3]
 11 :   4  12 : [3, 4]
 12 :  11  12 : [3, 10]
 13 :   4   5 : [4]
 14 :   5  13 : [4, 5]
 15 :  12  13 : [4, 11]
 16 :   5   6 : [5]
 17 :   6  14 : [5, 6]
 18 :  13  14 : [5, 12]
 19 :   6   7 : [6]
 20 :   7  15 : [6, 49]
 21 :  14  15 : [6, 13]
 22 :   9  17 : [7, 8]
 23 :  16  17 : [7, 14]
 24 :   8  16 : [7]
 25 :  10  18 : [8, 9]
 26 :  17  18 : [8, 15]
 27 :  11  19 : [9, 10]
 28 :  18  19 : [9, 16]
 29 :  12  20 : [10, 11]
 30 :  19  20 : [10, 17]
 31 :  13  21 : [11, 12]
 32 :  20  21 : [11, 18]
 33 :  14  22 : [12, 13]
 34 :  21  22 : [12, 19]
 35 :  15  23 : [13, 50]
 36 :  22  23 : [13, 20]
 37 :  17  25 : [14, 15]
 38 :  24  25 : [14, 21]
 39 :  16  24 : [14]
 40 :  18  26 : [15, 16]
 41 :  25  26 : [15, 22]
 42 :  19  27 : [16, 17]
 43 :  26  27 : [16, 23]
 44 :  20  28 : [17, 18]
 45 :  27  28 : [17, 24]
 46 :  21  29 : [18, 19]
 47 :  28  29 : [18, 25]
 48 :  22  30 : [19, 20]
 49 :  29  30 : [19, 26]
 50 :  23  31 : [20, 51]
 51 :  30  31 : [20, 27]
 52 :  25  33 : [21, 22]
 53 :  32  33 : [21, 28]
 54 :  24  32 : [21]
 55 :  26  34 : [22, 23]
 56 :  33  34 : [22, 29]
 57 :  27  35 : [23, 24]
 58 :  34  35 : [23, 30]
 59 :  28  36 : [24, 25]
 60 :  35  36 : [24, 31]
 61 :  29  37 : [25, 26]
 62 :  36  37 : [25, 32]
 63 :  30  38 : [26, 27]
 64 :  37  38 : [26, 33]
 65 :  31  39 : [27, 52]
 66 :  38  39 : [27, 34]
 67 :  33  41 : [28, 29]
 68 :  40  41 : [28, 35]
 69 :  32  40 : [28]
 70 :  34  42 : [29, 30]
 71 :  41  42 : [29, 36]
 72 :  35  43 : [30, 31]
 73 :  42  43 : [30, 37]
 74 :  36  44 : [31, 32]
 75 :  43  44 : [31, 38]
 76 :  37  45 : [32, 33]
 77 :  44  45 : [32, 39]
 78 :  38  46 : [33, 34]
 79 :  45  46 : [33, 40]
 80 :  39  47 : [34, 53]
 81 :  46  47 : [34, 41]
 82 :  41  49 : [35, 36]
 83 :  48  49 : [35, 42]
 84 :  40  48 : [35]
 85 :  42  50 : [36, 37]
 86 :  49  50 : [36, 43]
 87 :  43  51 : [37, 38]
 88 :  50  51 : [37, 44]
 89 :  44  52 : [38, 39]
 90 :  51  52 : [38, 45]
 91 :  45  53 : [39, 40]
 92 :  52  53 : [39, 46]
 93 :  46  54 : [40, 41]
 94 :  53  54 : [40, 47]
 95 :  47  55 : [41, 54]
 96 :  54  55 : [41, 48]
 97 :  49  57 : [42, 43]
 98 :  56  57 : [42, 119]
 99 :  48  56 : [42]
100 :  50  58 : [43, 44]
101 :  57  58 : [43, 120]
102 :  51  59 : [44, 45]
103 :  58  59 : [44, 121]
104 :  52  60 : [45, 46]
105 :  59  60 : [45, 122]
106 :  53  61 : [46, 47]
107 :  60  61 : [46, 123]
108 :  54  62 : [47, 48]
109 :  61  62 : [47, 124]
110 :  55  63 : [48, 55]
111 :  62  63 : [48, 125]
112 :  15  65 : [49, 50]
113 :  64  65 : [49, 56]
114 :   7  64 : [49]
115 :  23  66 : [50, 51]
116 :  65  66 : [50, 57]
117 :  31  67 : [51, 52]
118 :  66  67 : [51, 58]
119 :  39  68 : [52, 53]
120 :  67  68 : [52, 59]
121 :  47  69 : [53, 54]
122 :  68  69 : [53, 60]
123 :  55  70 : [54, 55]
124 :  69  70 : [54, 61]
125 :  63  71 : [55, 125]
126 :  70  71 : [55, 62]
127 :  65  73 : [56, 57]
128 :  72  73 : [56, 63]
129 :  64  72 : [56]
130 :  66  74 : [57, 58]
131 :  73  74 : [57, 64]
132 :  67  75 : [58, 59]
133 :  74  75 : [58, 65]
134 :  68  76 : [59, 60]
135 :  75  76 : [59, 66]
136 :  69  77 : [60, 61]
137 :  76  77 : [60, 67]
138 :  70  78 : [61, 62]
139 :  77  78 : [61, 68]
140 :  71  79 : [62, 132]
141 :  78  79 : [62, 69]
142 :  73  81 : [63, 64]
143 :  80  81 : [63, 70]
144 :  72  80 : [63]
145 :  74  82 : [64, 65]
146 :  81  82 : [64, 71]
147 :  75  83 : [65, 66]
148 :  82  83 : [65, 72]
149 :  76  84 : [66, 67]
150 :  83  84 : [66, 73]
151 :  77  85 : [67, 68]
152 :  84  85 : [67, 74]
153 :  78  86 : [68, 69]
154 :  85  86 : [68, 75]
155 :  79  87 : [69, 139]
156 :  86  87 : [69, 76]
157 :  81  89 : [70, 71]
158 :  88  89 : [70, 77]
159 :  80  88 : [70]
160 :  82  90 : [71, 72]
161 :  89  90 : [71, 78]
162 :  83  91 : [72, 73]
163 :  90  91 : [72, 79]
164 :  84  92 : [73, 74]
165 :  91  92 : [73, 80]
166 :  85  93 : [74, 75]
167 :  92  93 : [74, 81]
168 :  86  94 : [75, 76]
169 :  93  94 : [75, 82]
170 :  87  95 : [76, 146]
171 :  94  95 : [76, 83]
172 :  89  97 : [77, 78]
173 :  96  97 : [77, 84]
174 :  88  96 : [77]
175 :  90  98 : [78, 79]
176 :  97  98 : [78, 85]
177 :  91  99 : [79, 80]
178 :  98  99 : [79, 86]
179 :  92 100 : [80, 81]
180 :  99 100 : [80, 87]
181 :  93 101 : [81, 82]
182 : 100 101 : [81, 88]
183 :  94 102 : [82, 83]
184 : 101 102 : [82, 89]
185 :  95 103 : [83, 153]
186 : 102 103 : [83, 90]
187 :  97 105 : [84, 85]
188 : 104 105 : [84, 91]
189 :  96 104 : [84]
190 :  98 106 : [85, 86]
191 : 105 106 : [85, 92]
192 :  99 107 : [86, 87]
193 : 106 107 : [86, 93]
194 : 100 108 : [87, 88]
195 : 107 108 : [87, 94]
196 : 101 109 : [88, 89]
197 : 108 109 : [88, 95]
198 : 102 110 : [89, 90]
199 : 109 110 : [89, 96]
200 : 103 111 : [90, 160]
201 : 110 111 : [90, 97]
202 : 105 113 : [91, 92]
203 : 112 113 : [91, 98]
204 : 104 112 : [91]
205 : 106 114 : [92, 93]
206 : 113 114 : [92, 99]
207 : 107 115 : [93, 94]
208 : 114 115 : [93, 100]
209 : 108 116 : [94, 95]
210 : 115 116 : [94, 101]
211 : 109 117 : [95, 96]
212 : 116 117 : [95, 102]
213 : 110 118 : [96, 97]
214 : 117 118 : [96, 103]
215 : 111 119 : [97, 167]
216 : 118 119 : [97, 104]
217 : 113 121 : [98, 99]
218 : 120 121 : [98, 105]
219 : 112 120 : [98]
220 : 114 122 : [99, 100]
221 : 121 122 : [99, 106]
222 : 115 123 : [100, 101]
223 : 122 123 : [100, 107]
224 : 116 124 : [101, 102]
225 : 123 124 : [101, 108]
226 : 117 125 : [102, 103]
227 : 124 125 : [102, 109]
228 : 118 126 : [103, 104]
229 : 125 126 : [103, 110]
230 : 119 127 : [104, 174]
231 : 126 127 : [104, 111]
232 : 121 129 : [105, 106]
233 : 128 129 : [105, 112]
234 : 120 128 : [105]
235 : 122 130 : [106, 107]
236 : 129 130 : [106, 113]
237 : 123 131 : [107, 108]
238 : 130 131 : [107, 114]
239 : 124 132 : [108, 109]
240 : 131 132 : [108, 115]
241 : 125 133 : [109, 110]
242 : 132 133 : [109, 116]
243 : 126 134 : [110, 111]
244 : 133 134 : [110, 117]
245 : 127 135 : [111, 181]
246 : 134 135 : [111, 118]
247 : 129 200 : [112, 113]
248 : 199 200 : [112]
249 : 128 199 : [112]
250 : 130 201 : [113, 114]
251 : 200 201 : [113]
252 : 131 202 : [114, 115]
253 : 201 202 : [114]
254 : 132 203 : [115, 116]
255 : 202 203 : [115]
256 : 133 204 : [116, 117]
257 : 203 204 : [116]
258 : 134 205 : [117, 118]
259 : 204 205 : [117]
260 : 135 206 : [118, 188]
261 : 205 206 : [118]
262 :  57 137 : [119, 120]
263 : 136 137 : [119, 126]
264 :  56 136 : [119]
265 :  58 138 : [120, 121]
266 : 137 138 : [120, 127]
267 :  59 139 : [121, 122]
268 : 138 139 : [121, 128]
269 :  60 140 : [122, 123]
270 : 139 140 : [122, 129]
271 :  61 141 : [123, 124]
272 : 140 141 : [123, 130]
273 :  62 142 : [124, 125]
274 : 141 142 : [124, 131]
275 :  71 142 : [125, 132]
276 : 137 144 : [126, 127]
277 : 143 144 : [126, 133]
278 : 136 143 : [126]
279 : 138 145 : [127, 128]
280 : 144 145 : [127, 134]
281 : 139 146 : [128, 129]
282 : 145 146 : [128, 135]
283 : 140 147 : [129, 130]
284 : 146 147 : [129, 136]
285 : 141 148 : [130, 131]
286 : 147 148 : [130, 137]
287 : 142 149 : [131, 132]
288 : 148 149 : [131, 138]
289 :  79 149 : [132, 139]
290 : 144 151 : [133, 134]
291 : 150 151 : [133, 140]
292 : 143 150 : [133]
293 : 145 152 : [134, 135]
294 : 151 152 : [134, 141]
295 : 146 153 : [135, 136]
296 : 152 153 : [135, 142]
297 : 147 154 : [136, 137]
298 : 153 154 : [136, 143]
299 : 148 155 : [137, 138]
300 : 154 155 : [137, 144]
301 : 149 156 : [138, 139]
302 : 155 156 : [138, 145]
303 :  87 156 : [139, 146]
304 : 151 158 : [140, 141]
305 : 157 158 : [140, 147]
306 : 150 157 : [140]
307 : 152 159 : [141, 142]
308 : 158 159 : [141, 148]
309 : 153 160 : [142, 143]
310 : 159 160 : [142, 149]
311 : 154 161 : [143, 144]
312 : 160 161 : [143, 150]
313 : 155 162 : [144, 145]
314 : 161 162 : [144, 151]
315 : 156 163 : [145, 146]
316 : 162 163 : [145, 152]
317 :  95 163 : [146, 153]
318 : 158 165 : [147, 148]
319 : 164 165 : [147, 154]
320 : 157 164 : [147]
321 : 159 166 : [148, 149]
322 : 165 166 : [148, 155]
323 : 160 167 : [149, 150]
324 : 166 167 : [149, 156]
325 : 161 168 : [150, 151]
326 : 167 168 : [150, 157]
327 : 162 169 : [151, 152]
328 : 168 169 : [151, 158]
329 : 163 170 : [152, 153]
330 : 169 170 : [152, 159]
331 : 103 170 : [153, 160]
332 : 165 172 : [154, 155]
333 : 171 172 : [154, 161]
334 : 164 171 : [154]
335 : 166 173 : [155, 156]
336 : 172 173 : [155, 162]
337 : 167 174 : [156, 157]
338 : 173 174 : [156, 163]
339 : 168 175 : [157, 158]
340 : 174 175 : [157, 164]
341 : 169 176 : [158, 159]
342 : 175 176 : [158, 165]
343 : 170 177 : [159, 160]
344 : 176 177 : [159, 166]
345 : 111 177 : [160, 167]
346 : 172 179 : [161, 162]
347 : 178 179 : [161, 168]
348 : 171 178 : [161]
349 : 173 180 : [162, 163]
350 : 179 180 : [162, 169]
351 : 174 181 : [163, 164]
352 : 180 181 : [163, 170]
353 : 175 182 : [164, 165]
354 : 181 182 : [164, 171]
355 : 176 183 : [165, 166]
356 : 182 183 : [165, 172]
357 : 177 184 : [166, 167]
358 : 183 184 : [166, 173]
359 : 119 184 : [167, 174]
360 : 179 186 : [168, 169]
361 : 185 186 : [168, 175]
362 : 178 185 : [168]
363 : 180 187 : [169, 170]
364 : 186 187 : [169, 176]
365 : 181 188 : [170, 171]
366 : 187 188 : [170, 177]
367 : 182 189 : [171, 172]
368 : 188 189 : [171, 178]
369 : 183 190 : [172, 173]
370 : 189 190 : [172, 179]
371 : 184 191 : [173, 174]
372 : 190 191 : [173, 180]
373 : 127 191 : [174, 181]
374 : 186 193 : [175, 176]
375 : 192 193 : [175, 182]
376 : 185 192 : [175]
377 : 187 194 : [176, 177]
378 : 193 194 : [176, 183]
379 : 188 195 : [177, 178]
380 : 194 195 : [177, 184]
381 : 189 196 : [178, 179]
382 : 195 196 : [178, 185]
383 : 190 197 : [179, 180]
384 : 196 197 : [179, 186]
385 : 191 198 : [180, 181]
386 : 197 198 : [180, 187]
387 : 135 198 : [181, 188]
388 : 193 208 : [182, 183]
389 : 207 208 : [182]
390 : 192 207 : [182]
391 : 194 209 : [183, 184]
392 : 208 209 : [183]
393 : 195 210 : [184, 185]
394 : 209 210 : [184]
395 : 196 211 : [185, 186]
396 : 210 211 : [185]
397 : 197 212 : [186, 187]
398 : 211 212 : [186]
399 : 198 213 : [187, 188]
400 : 212 213 : [187]
401 : 206 213 : [188]
 0: [0, 1, 2, 3]
 1: [4, 5, 6, 1]
 2: [7, 8, 9, 5]
 3: [10, 11, 12, 8]
 4: [13, 14, 15, 11]
 5: [16, 17, 18, 14]
 6: [19, 20, 21, 17]
 7: [2, 22, 23, 24]
 8: [6, 25, 26, 22]
 9: [9, 27, 28, 25]
10: [12, 29, 30, 27]
11: [15, 31, 32, 29]
12: [18, 33, 34, 31]
13: [21, 35, 36, 33]
14: [23, 37, 38, 39]
15: [26, 40, 41, 37]
16: [28, 42, 43, 40]
17: [30, 44, 45, 42]
18: [32, 46, 47, 44]
19: [34, 48, 49, 46]
20: [36, 50, 51, 48]
21: [38, 52, 53, 54]
22: [41, 55, 56, 52]
23: [43, 57, 58, 55]
24: [45, 59, 60, 57]
25: [47, 61, 62, 59]
26: [49, 63, 64, 61]
27: [51, 65, 66, 63]
28: [53, 67, 68, 69]
29: [56, 70, 71, 67]
30: [58, 72, 73, 70]
31: [60, 74, 75, 72]
32: [62, 76, 77, 74]
33: [64, 78, 79, 76]
34: [66, 80, 81, 78]
35: [68, 82, 83, 84]
36: [71, 85, 86, 82]
37: [73, 87, 88, 85]
38: [75, 89, 90, 87]
39: [77, 91, 92, 89]
40: [79, 93, 94, 91]
41: [81, 95, 96, 93]
42: [83, 97, 98, 99]
43: [86, 100, 101, 97]
44: [88, 102, 103, 100]
45: [90, 104, 105, 102]
46: [92, 106, 107, 104]
47: [94, 108, 109, 106]
48: [96, 110, 111, 108]
49: [20, 112, 113, 114]
50: [35, 115, 116, 112]
51: [50, 117, 118, 115]
52: [65, 119, 120, 117]
53: [80, 121, 122, 119]
54: [95, 123, 124, 121]
55: [110, 125, 126, 123]
56: [113, 127, 128, 129]
57: [116, 130, 131, 127]
58: [118, 132, 133, 130]
59: [120, 134, 135, 132]
60: [122, 136, 137, 134]
61: [124, 138, 139, 136]
62: [126, 140, 141, 138]
63: [128, 142, 143, 144]
64: [131, 145, 146, 142]
65: [133, 147, 148, 145]
66: [135, 149, 150, 147]
67: [137, 151, 152, 149]
68: [139, 153, 154, 151]
69: [141, 155, 156, 153]
70: [143, 157, 158, 159]
71: [146, 160, 161, 157]
72: [148, 162, 163, 160]
73: [150, 164, 165, 162]
74: [152, 166, 167, 164]
75: [154, 168, 169, 166]
76: [156, 170, 171, 168]
77: [158, 172, 173, 174]
78: [161, 175, 176, 172]
79: [163, 177, 178, 175]
80: [165, 179, 180, 177]
81: [167, 181, 182, 179]
82: [169, 183, 184, 181]
83: [171, 185, 186, 183]
84: [173, 187, 188, 189]
85: [176, 190, 191, 187]
86: [178, 192, 193, 190]
87: [180, 194, 195, 192]
88: [182, 196, 197, 194]
89: [184, 198, 199, 196]
90: [186, 200, 201, 198]
91: [188, 202, 203, 204]
92: [191, 205, 206, 202]
93: [193, 207, 208, 205]
94: [195, 209, 210, 207]
95: [197, 211, 212, 209]
96: [199, 213, 214, 211]
97: [201, 215, 216, 213]
98: [203, 217, 218, 219]
99: [206, 220, 221, 217]
100: [208, 222, 223, 220]
101: [210, 224, 225, 222]
102: [212, 226, 227, 224]
103: [214, 228, 229, 226]
104: [216, 230, 231, 228]
105: [218, 232, 233, 234]
106: [221, 235, 236, 232]
107: [223, 237, 238, 235]
108: [225, 239, 240, 237]
109: [227, 241, 242, 239]
110: [229, 243, 244, 241]
111: [231, 245, 246, 243]
112: [233, 247, 248, 249]
113: [236, 250, 251, 247]
114: [238, 252, 253, 250]
115: [240, 254, 255, 252]
116: [242, 256, 257, 254]
117: [244, 258, 259, 256]
118: [246, 260, 261, 258]
119: [98, 262, 263, 264]
120: [101, 265, 266, 262]
121: [103, 267, 268, 265]
122: [105, 269, 270, 267]
123: [107, 271, 272, 269]
124: [109, 273, 274, 271]
125: [111, 125, 275, 273]
126: [263, 276, 277, 278]
127: [266, 279, 280, 276]
128: [268, 281, 282, 279]
129: [270, 283, 284, 281]
130: [272, 285, 286, 283]
131: [274, 287, 288, 285]
132: [275, 140, 289, 287]
133: [277, 290, 291, 292]
134: [280, 293, 294, 290]
135: [282, 295, 296, 293]
136: [284, 297, 298, 295]
137: [286, 299, 300, 297]
138: [288, 301, 302, 299]
139: [289, 155, 303, 301]
140: [291, 304, 305, 306]
141: [294, 307, 308, 304]
142: [296, 309, 310, 307]
143: [298, 311, 312, 309]
144: [300, 313, 314, 311]
145: [302, 315, 316, 313]
146: [303, 170, 317, 315]
147: [305, 318, 319, 320]
148: [308, 321, 322, 318]
149: [310, 323, 324, 321]
150: [312, 325, 326, 323]
151: [314, 327, 328, 325]
152: [316, 329, 330, 327]
153: [317, 185, 331, 329]
154: [319, 332, 333, 334]
155: [322, 335, 336, 332]
156: [324, 337, 338, 335]
157: [326, 339, 340, 337]
158: [328, 341, 342, 339]
159: [330, 343, 344, 341]
160: [331, 200, 345, 343]
161: [333, 346, 347, 348]
162: [336, 349, 350, 346]
163: [338, 351, 352, 349]
164: [340, 353, 354, 351]
165: [342, 355, 356, 353]
166: [344, 357, 358, 355]
167: [345, 215, 359, 357]
168: [347, 360, 361, 362]
169: [350, 363, 364, 360]
170: [352, 365, 366, 363]
171: [354, 367, 368, 365]
172: [356, 369, 370, 367]
173: [358, 371, 372, 369]
174: [359, 230, 373, 371]
175: [361, 374, 375, 376]
176: [364, 377, 378, 374]
177: [366, 379, 380, 377]
178: [368, 381, 382, 379]
179: [370, 383, 384, 381]
180: [372, 385, 386, 383]
181: [373, 245, 387, 385]
182: [375, 388, 389, 390]
183: [378, 391, 392, 388]
184: [380, 393, 394, 391]
185: [382, 395, 396, 393]
186: [384, 397, 398, 395]
187: [386, 399, 400, 397]
188: [387, 260, 401, 399]
