NODES
61
0 0.000000 0.000000
1 0.150000 0.000000
2 0.300000 0.000000
3 0.450000 0.000000
4 0.600000 0.000000
5 0.000000 0.150000
6 0.150000 0.150000
7 0.300000 0.150000
8 0.450000 0.150000
9 0.600000 0.150000
10 0.000000 0.300000
11 0.150000 0.300000
12 0.300000 0.300000
13 0.450000 0.300000
14 0.600000 0.300000
15 0.000000 0.450000
16 0.150000 0.450000
17 0.300000 0.450000
18 0.450000 0.450000
19 0.600000 0.450000
20 0.000000 0.600000
21 0.150000 0.600000
22 0.300000 0.600000
23 0.450000 0.600000
24 0.600000 0.600000
25 0.700000 0.000000
26 0.695196 0.161273
27 0.680970 0.320671
28 0.657867 0.476393
29 0.626777 0.626777
30 0.800000 0.000000
31 0.790393 0.172545
32 0.761940 0.341342
33 0.715735 0.502785
34 0.653553 0.653553
35 0.900000 0.000000
36 0.885589 0.183818
37 0.842910 0.362013
38 0.773602 0.529178
39 0.680330 0.680330
40 0.000000 0.700000
41 0.161273 0.695196
42 0.320671 0.680970
43 0.476393 0.657867
44 0.000000 0.800000
45 0.172545 0.790393
46 0.341342 0.761940
47 0.502785 0.715735
48 0.000000 0.900000
49 0.183818 0.885589
50 0.362013 0.842910
51 0.529178 0.773602
52 1.000000 0.000000
53 0.980785 0.195090
54 0.923880 0.382683
55 0.831470 0.555570
56 0.707107 0.707107
57 0.000000 1.000000
58 0.195090 0.980785
59 0.382683 0.923880
60 0.555570 0.831470

ELEMENTS
48
0 0 1 6 5 1
1 1 2 7 6 1
2 2 3 8 7 1
3 3 4 9 8 1
4 5 6 11 10 1
5 6 7 12 11 1
6 7 8 13 12 1
7 8 9 14 13 1
8 10 11 16 15 1
9 11 12 17 16 1
10 12 13 18 17 1
11 13 14 19 18 1
12 15 16 21 20 1
13 16 17 22 21 1
14 17 18 23 22 1
15 18 19 24 23 1
16 4 9 26 25 2
17 9 14 27 26 2
18 14 19 28 27 2
19 19 24 29 28 2
20 25 26 31 30 2
21 26 27 32 31 2
22 27 28 33 32 2
23 28 29 34 33 2
24 30 31 36 35 2
25 31 32 37 36 2
26 32 33 38 37 2
27 33 34 39 38 2
28 35 36 53 52 2
29 36 37 54 53 2
30 37 38 55 54 2
31 38 39 56 55 2
32 20 21 41 40 2
33 21 22 42 41 2
34 22 23 43 42 2
35 23 24 29 43 2
36 40 41 45 44 2
37 41 42 46 45 2
38 42 43 47 46 2
39 43 29 34 47 2
40 44 45 49 48 2
41 45 46 50 49 2
42 46 47 51 50 2
43 47 34 39 51 2
44 48 49 58 57 2
45 49 50 59 58 2
46 50 51 60 59 2
47 51 39 56 60 2
