NODES
106
0 0.000000 0.000000
1 0.075000 0.000000
2 0.150000 0.000000
3 0.225000 0.000000
4 0.300000 0.000000
5 0.000000 0.075000
6 0.075000 0.075000
7 0.150000 0.075000
8 0.225000 0.075000
9 0.300000 0.075000
10 0.000000 0.150000
11 0.075000 0.150000
12 0.150000 0.150000
13 0.225000 0.150000
14 0.300000 0.150000
15 0.000000 0.225000
16 0.075000 0.225000
17 0.150000 0.225000
18 0.225000 0.225000
19 0.300000 0.225000
20 0.000000 0.300000
21 0.075000 0.300000
22 0.150000 0.300000
23 0.225000 0.300000
24 0.300000 0.300000
25 0.377778 0.000000
26 0.375643 0.088343
27 0.369320 0.175854
28 0.359052 0.261730
29 0.345234 0.345234
30 0.455556 0.000000
31 0.451286 0.101687
32 0.438640 0.201707
33 0.418104 0.298460
34 0.390468 0.390468
35 0.533333 0.000000
36 0.526928 0.115030
37 0.507960 0.227561
38 0.477157 0.335190
39 0.435702 0.435702
40 0.611111 0.000000
41 0.602571 0.128373
42 0.577280 0.253415
43 0.536209 0.371920
44 0.480936 0.480936
45 0.688889 0.000000
46 0.678214 0.141717
47 0.646600 0.279269
48 0.595261 0.408650
49 0.526170 0.526170
50 0.766667 0.000000
51 0.753857 0.155060
52 0.715920 0.305122
53 0.654313 0.445380
54 0.571405 0.571405
55 0.844444 0.000000
56 0.829500 0.168404
57 0.785240 0.330976
58 0.713365 0.482110
59 0.616639 0.616639
60 0.922222 0.000000
61 0.905142 0.181747
62 0.854560 0.356830
63 0.772417 0.518840
64 0.661873 0.661873
65 0.000000 0.377778
66 0.088343 0.375643
67 0.175854 0.369320
68 0.261730 0.359052
69 0.000000 0.455556
70 0.101687 0.451286
71 0.201707 0.438640
72 0.298460 0.418104
73 0.000000 0.533333
74 0.115030 0.526928
75 0.227561 0.507960
76 0.335190 0.477157
77 0.000000 0.611111
78 0.128373 0.602571
79 0.253415 0.577280
80 0.371920 0.536209
81 0.000000 0.688889
82 0.141717 0.678214
83 0.279269 0.646600
84 0.408650 0.595261
85 0.000000 0.766667
86 0.155060 0.753857
87 0.305122 0.715920
88 0.445380 0.654313
89 0.000000 0.844444
90 0.168404 0.829500
91 0.330976 0.785240
92 0.482110 0.713365
93 0.000000 0.922222
94 0.181747 0.905142
95 0.356830 0.854560
96 0.518840 0.772417
97 1.000000 0.000000
98 0.980785 0.195090
99 0.923880 0.382683
100 0.831470 0.555570
101 0.707107 0.707107
102 0.000000 1.000000
103 0.195090 0.980785
104 0.382683 0.923880
105 0.555570 0.831470

ELEMENTS
88
0 0 1 6 5 1
1 1 2 7 6 1
2 2 3 8 7 1
3 3 4 9 8 1
4 5 6 11 10 1
5 6 7 12 11 1
6 7 8 13 12 1
7 8 9 14 13 1
8 10 11 16 15 1
9 11 12 17 16 1
10 12 13 18 17 1
11 13 14 19 18 1
12 15 16 21 20 1
13 16 17 22 21 1
14 17 18 23 22 1
15 18 19 24 23 1
16 4 9 26 25 2
17 9 14 27 26 2
18 14 19 28 27 2
19 19 24 29 28 2
20 25 26 31 30 2
21 26 27 32 31 2
22 27 28 33 32 2
23 28 29 34 33 2
24 30 31 36 35 2
25 31 32 37 36 2
26 32 33 38 37 2
27 33 34 39 38 2
28 35 36 41 40 2
29 36 37 42 41 2
30 37 38 43 42 2
31 38 39 44 43 2
32 40 41 46 45 2
33 41 42 47 46 2
34 42 43 48 47 2
35 43 44 49 48 2
36 45 46 51 50 2
37 46 47 52 51 2
38 47 48 53 52 2
39 48 49 54 53 2
40 50 51 56 55 2
41 51 52 57 56 2
42 52 53 58 57 2
43 53 54 59 58 2
44 55 56 61 60 2
45 56 57 62 61 2
46 57 58 63 62 2
47 58 59 64 63 2
48 60 61 98 97 2
49 61 62 99 98 2
50 62 63 100 99 2
51 63 64 101 100 2
52 20 21 66 65 2
53 21 22 67 66 2
54 22 23 68 67 2
55 23 24 29 68 2
56 65 66 70 69 2
57 66 67 71 70 2
58 67 68 72 71 2
59 68 29 34 72 2
60 69 70 74 73 2
61 70 71 75 74 2
62 71 72 76 75 2
63 72 34 39 76 2
64 73 74 78 77 2
65 74 75 79 78 2
66 75 76 80 79 2
67 76 39 44 80 2
68 77 78 82 81 2
69 78 79 83 82 2
70 79 80 84 83 2
71 80 44 49 84 2
72 81 82 86 85 2
73 82 83 87 86 2
74 83 84 88 87 2
75 84 49 54 88 2
76 85 86 90 89 2
77 86 87 91 90 2
78 87 88 92 91 2
79 88 54 59 92 2
80 89 90 94 93 2
81 90 91 95 94 2
82 91 92 96 95 2
83 92 59 64 96 2
84 93 94 103 102 2
85 94 95 104 103 2
86 95 96 105 104 2
87 96 64 101 105 2
