radius 1.0 square_size 0.4
9 9
0.00 0.00  0.05 0.00  0.10 0.00  0.15 0.00  0.20 0.00  0.25 0.00  0.30 0.00  0.35 0.00  0.40 0.00
0.00 0.05  0.05 0.05  0.10 0.05  0.15 0.05  0.20 0.05  0.25 0.05  0.30 0.05  0.35 0.05  0.40 0.05
0.00 0.10  0.05 0.10  0.10 0.10  0.15 0.10  0.20 0.10  0.25 0.10  0.30 0.10  0.35 0.10  0.40 0.10
0.00 0.15  0.05 0.15  0.10 0.15  0.15 0.15  0.20 0.15  0.25 0.15  0.30 0.15  0.35 0.15  0.40 0.15
0.00 0.20  0.05 0.20  0.10 0.20  0.15 0.20  0.20 0.20  0.25 0.20  0.30 0.20  0.35 0.20  0.40 0.20
0.00 0.25  0.05 0.25  0.10 0.25  0.15 0.25  0.20 0.25  0.25 0.25  0.30 0.25  0.35 0.25  0.40 0.25
0.00 0.30  0.05 0.30  0.10 0.30  0.15 0.30  0.20 0.30  0.25 0.30  0.30 0.30  0.35 0.30  0.40 0.30
0.00 0.35  0.05 0.35  0.10 0.35  0.15 0.35  0.20 0.35  0.25 0.35  0.30 0.35  0.35 0.35  0.40 0.35
0.00 0.40  0.05 0.40  0.10 0.40  0.15 0.40  0.20 0.40  0.25 0.40  0.30 0.40  0.35 0.40  0.40 0.40
1
1 1 8 1 8